$ANSIBLE_VAULT;1.1;AES256
38303138636164643034656161376430326132626464333735623039376461333035386163353631
3762646336323964663036316530336432373832336532660a333861303631306330326166323131
61363434303761356537373532636335336133653133383166383139656463386532643231633632
3165393934386165380a323766613235303738656662356461626661656562303333643261663731
39316231363265336132303939616233356639626466636333393263363439336166373464643235
61303030376137346538356331333634326434303937663438303231626639393164616362656264
35643036663330393739323166626266336663393839353337333935333363333438313239633663
64613461353065373231303163366435353062353537653134626632393663623666663635336564
61313738393064646163653932386463656237373239356435393631616130616662653533616231
31623131626230303563336635313430366463623437386532316631383031623838643733393966
36366663343639386266343666333665383039633165393866366463656431616431383966336539
38613339353731383331383162656365613566353461326630396431306461663137313734353961
32303962653931613764386163613564343661343139613232396137646361336330653238376136
31356266616632303566623233366263663633393431396534326236323530666566653636336435
39363166663133636165393936313833366266393264386561386232663239626236333330363432
36396364306262383930383166353863333939613239653832343161633962383138636538386566
30323865323934313930336166306335343333386634353362303863313865333762303164323433
38333634393264383463616638653739613563393066353065363664323966666366626632376537
66333461643332623762303665346365333532316437373262616365663636303964343963373266
36303131303562346264626139373932356332616130623439333465653534326539663164353430
36326264616462393437343065626537623866326335336261363837316565633337633262646365
38653865376561353966646539333531613863663430616563366164396235393465343530623636
30663162393362313066623736393365353838343864646664626161333236343764323132343332
66306336633032376134613162333535336435623865656463333065633834303834396435303036
62323331366363616362616463656561323638303265333133363935646237343831636432333365
66663938346466643332633533353137396535343965666132313865333035643732396639306133
32393463633864306462303536363164613232313062656465636432376636323332613233643731
30376331616565636132313666393666353232333633633032333833343032306332303561303730
3130
